0.9997 9.998E-05 9.998E-05 9.998E-05
0.9997 9.998E-05 9.998E-05 9.998E-05
0.993547 0.0051635 9.9991E-05 0.00118924
0.998387 0.00141309 9.9982E-05 9.9982E-05
0.997454 9.9982E-05 9.9982E-05 0.00234633
0.997979 9.9982E-05 9.9982E-05 0.00182054
0.996838 9.9982E-05 9.9982E-05 0.00296245
0.997956 0.00184387 9.9982E-05 9.9982E-05
0.994129 9.9982E-05 9.9982E-05 0.00567101
0.9997 9.998E-05 9.998E-05 9.998E-05
0.9997 9.998E-05 9.998E-05 9.998E-05
0.9997 9.998E-05 9.998E-05 9.998E-05
0.986719 9.9982E-05 9.9982E-05 0.0130807
0.9997 9.998E-05 9.998E-05 9.998E-05
0.998443 9.9982E-05 9.9982E-05 0.00135699
0.990776 9.9982E-05 9.9982E-05 0.00902397
0.999612 9.9982E-05 0.00018804 9.9982E-05
0.9997 9.998E-05 9.998E-05 9.998E-05
0.998133 0.00166673 9.9982E-05 9.9982E-05
0.998787 0.000398734 9.9991E-05 0.000714316
0.9997 9.998E-05 9.998E-05 9.998E-05
0.996241 9.9991E-05 0.00332598 0.000332648
0.9997 9.998E-05 9.998E-05 9.998E-05
0.990916 0.00669354 9.9991E-05 0.00229082
0.993391 9.9982E-05 0.00640939 9.9982E-05
0.99852 9.9982E-05 0.00127995 9.9982E-05
0.994206 9.9991E-05 0.000244091 0.00545018
0.9997 9.998E-05 9.998E-05 9.998E-05
0.993644 9.9991E-05 0.0024685 0.00378708
0.992235 9.9991E-05 0.00314636 0.00451875
0.9997 9.998E-05 9.998E-05 9.998E-05
0.9997 9.998E-05 9.998E-05 9.998E-05
0.999653 0.000147173 9.9982E-05 9.9982E-05
0.99712 9.9982E-05 9.9982E-05 0.00268053
0.997706 9.9982E-05 9.9982E-05 0.00209434
0.99939 9.9982E-05 9.9982E-05 0.000410059
0.998993 0.000807315 9.9982E-05 9.9982E-05
0.994572 9.9982E-05 9.9982E-05 0.00522825
0.998745 0.00105525 9.9982E-05 9.9982E-05
0.994224 9.9982E-05 9.9982E-05 0.00557587
0.990519 0.0039282 0.00545233 9.9991E-05
0.997796 0.0020036 9.9982E-05 9.9982E-05
0.991909 9.9991E-05 0.00506604 0.00292476
0.9997 9.998E-05 9.998E-05 9.998E-05
0.9997 9.998E-05 9.998E-05 9.998E-05
0.99836 9.9982E-05 0.00144015 9.9982E-05
0.9997 9.998E-05 9.998E-05 9.998E-05
0.997404 0.00129893 9.9991E-05 0.00119705
0.999284 0.000516098 9.9982E-05 9.9982E-05
0.9997 9.998E-05 9.998E-05 9.998E-05
0.129305 0.53575 0.179716 0.15523
0.139168 0.659805 9.9991E-05 0.200927
0.3761 0.0531913 0.564282 0.00642627
0.399614 0.120491 0.425772 0.0541222
9.9982E-05 9.9982E-05 0.740553 0.259247
0.423667 9.9982E-05 0.576133 9.9982E-05
0.1244 0.19151 0.672356 0.0117333
0.273398 0.0770552 0.507782 0.141765
0.175791 0.228459 0.4501 0.145651
0.0304769 9.9991E-05 0.875663 0.0937602
9.9982E-05 0.934432 9.9982E-05 0.0653683
0.200915 0.382319 0.0909065 0.32586
0.158009 0.45803 0.0461168 0.337844
0.295714 0.12284 0.581346 9.9991E-05
9.998E-05 0.9997 9.998E-05 9.998E-05
0.180785 0.175987 0.643129 9.9991E-05
0.184906 9.9991E-05 0.662113 0.152881
0.547372 9.9991E-05 0.38489 0.0676384
0.15293 0.247841 0.599129 9.9991E-05
0.235897 0.174893 0.214476 0.374733
0.21798 9.9982E-05 0.78182 9.9982E-05
9.9982E-05 0.705728 0.294072 9.9982E-05
0.488759 0.260597 0.119551 0.131092
0.133607 0.248133 0.578712 0.0395472
0.283506 0.049341 0.422382 0.244771
0.00049986 0.164408 0.705643 0.129449
9.9991E-05 0.821599 0.121971 0.0563296
9.9991E-05 0.397955 0.518967 0.0829779
0.0984274 0.043439 0.858034 9.9991E-05
9.9991E-05 0.811967 0.0131221 0.174811
0.163914 9.9991E-05 0.662891 0.173095
0.135844 9.9991E-05 0.74813 0.115926
0.176623 0.144697 0.364286 0.314394
0.1019 0.8979 9.99819E-05 9.99819E-05
0.0267031 9.99819E-05 0.973097 9.99819E-05
0.470971 0.0180816 0.458261 0.0526867
9.9982E-05 0.136718 0.863082 9.9982E-05
0.18208 0.241011 0.576809 9.9991E-05
0.40057 0.28582 0.31351 9.9991E-05
0.117171 0.287112 0.288503 0.307214
0.40652 0.11634 0.260837 0.216303
0.24724 0.74394 0.00872015 9.9991E-05
0.402761 9.99819E-05 0.597039 9.99819E-05
0.101073 9.9991E-05 0.66634 0.232487
0.117942 0.408208 0.47375 9.9991E-05
0.126616 0.241892 0.579142 0.0523497
0.323245 0.60789 0.0687654 9.9991E-05
0.266548 9.9991E-05 0.43822 0.295132
9.99819E-05 9.99819E-05 0.996287 0.00351335
0.0122892 0.831773 9.9991E-05 0.155838
9.9982E-05 9.9982E-05 0.00610231 0.993698
0.000182414 9.9982E-05 9.9982E-05 0.999618
0.00154625 0.0071358 9.9991E-05 0.991218
9.9982E-05 9.9982E-05 0.00177184 0.998028
9.9991E-05 0.000255021 0.0062191 0.993426
0.00025269 9.9982E-05 9.9982E-05 0.999547
9.9982E-05 9.9982E-05 0.00861723 0.991183
9.9982E-05 9.9982E-05 0.00513686 0.994663
9.998E-05 9.998E-05 9.998E-05 0.9997
9.998E-05 9.998E-05 9.998E-05 0.9997
0.00378844 9.9982E-05 9.9982E-05 0.996012
9.998E-05 9.998E-05 9.998E-05 0.9997
0.00336736 9.9982E-05 9.9982E-05 0.996433
0.0044536 9.9982E-05 9.9982E-05 0.995346
0.00897903 9.9982E-05 9.9982E-05 0.990821
9.998E-05 9.998E-05 9.998E-05 0.9997
0.00881811 9.9982E-05 9.9982E-05 0.990982
9.9982E-05 9.9982E-05 0.000347955 0.999452
9.998E-05 9.998E-05 9.998E-05 0.9997
0.00589949 9.9982E-05 9.9982E-05 0.993901
9.9982E-05 9.9982E-05 0.0039019 0.995898
0.00389328 0.000404789 9.9991E-05 0.995602
0.00661263 0.0019933 9.9991E-05 0.991294
9.9991E-05 0.00475626 0.000787324 0.994356
9.998E-05 9.998E-05 9.998E-05 0.9997
0.00815228 9.9991E-05 0.00105729 0.99069
9.9991E-05 0.00427857 0.00316543 0.992456
0.00658678 9.9991E-05 0.00108792 0.992225
9.9982E-05 9.9982E-05 0.00665175 0.993148
9.9982E-05 9.9982E-05 0.0103321 0.989468
9.9982E-05 0.005105 9.9982E-05 0.994695
0.00432294 0.00648986 9.9991E-05 0.989087
0.000561585 0.00337852 9.9991E-05 0.99596
9.998E-05 9.998E-05 9.998E-05 0.9997
0.00377002 9.9982E-05 9.9982E-05 0.99603
9.998E-05 9.998E-05 9.998E-05 0.9997
9.9982E-05 0.0152663 9.9982E-05 0.984534
9.998E-05 9.998E-05 9.998E-05 0.9997
9.998E-05 9.998E-05 9.998E-05 0.9997
0.00138419 9.9982E-05 9.9982E-05 0.998416
9.9982E-05 9.9982E-05 0.00439105 0.995409
0.00202871 9.9982E-05 9.9982E-05 0.997771
0.0090784 9.9982E-05 9.9982E-05 0.990722
9.998E-05 9.998E-05 9.998E-05 0.9997
9.998E-05 9.998E-05 9.998E-05 0.9997
0.000368661 9.9982E-05 9.9982E-05 0.999431
9.998E-05 9.998E-05 9.998E-05 0.9997
0.0079233 9.9982E-05 9.9982E-05 0.991877
0.00125935 9.9991E-05 0.000936566 0.997704
9.9982E-05 0.00498365 9.9982E-05 0.994816
