9.998E-05 0.9997 9.998E-05 9.998E-05
9.9982E-05 0.998497 0.00130316 9.9982E-05
0.00841914 0.991381 9.9982E-05 9.9982E-05
0.00190317 0.997897 9.9982E-05 9.9982E-05
9.9982E-05 0.998971 9.9982E-05 0.000829267
9.998E-05 0.9997 9.998E-05 9.998E-05
9.9982E-05 0.992592 9.9982E-05 0.00720772
0.00199513 0.997805 9.9982E-05 9.9982E-05
9.999E-05 0.98744 0.005727 0.00673299
9.998E-05 0.9997 9.998E-05 9.998E-05
0.00402456 0.995775 9.9982E-05 9.9982E-05
9.9982E-05 0.996784 9.9982E-05 0.00301562
9.9982E-05 0.989936 9.9982E-05 0.00986391
9.998E-05 0.9997 9.998E-05 9.998E-05
9.998E-05 0.9997 9.998E-05 9.998E-05
9.9982E-05 0.991074 9.9982E-05 0.00872643
9.9982E-05 0.998451 0.0013487 9.9982E-05
0.0011649 0.998635 9.9982E-05 9.9982E-05
9.998E-05 0.9997 9.998E-05 9.998E-05
0.00216241 0.997501 9.9991E-05 0.000236222
9.998E-05 0.9997 9.998E-05 9.998E-05
9.9991E-05 0.991149 0.00600642 0.00274426
0.00139274 0.998407 9.9982E-05 9.9982E-05
0.000118079 0.999682 9.9982E-05 9.9982E-05
9.9982E-05 0.994208 0.00559187 9.9982E-05
9.9991E-05 0.994951 0.00249471 0.00245435
9.9991E-05 0.991311 0.00429682 0.00429188
9.998E-05 0.9997 9.998E-05 9.998E-05
9.9991E-05 0.9925 0.00514544 0.00225439
9.9982E-05 0.991457 9.9982E-05 0.00834325
9.998E-05 0.9997 9.998E-05 9.998E-05
9.998E-05 0.9997 9.998E-05 9.998E-05
9.998E-05 0.9997 9.998E-05 9.998E-05
9.998E-05 0.9997 9.998E-05 9.998E-05
9.9982E-05 0.998955 9.9982E-05 0.000844636
9.9982E-05 0.999162 9.9982E-05 0.00063757
0.00451583 0.995284 9.9982E-05 9.9982E-05
9.9982E-05 0.996381 9.9982E-05 0.00341941
9.998E-05 0.9997 9.998E-05 9.998E-05
9.9982E-05 0.996052 9.9982E-05 0.00374758
9.998E-05 0.9997 9.998E-05 9.998E-05
0.00101411 0.995501 9.9991E-05 0.00338483
9.9982E-05 0.994612 0.00518771 9.9982E-05
9.998E-05 0.9997 9.998E-05 9.998E-05
9.998E-05 0.9997 9.998E-05 9.998E-05
9.998E-05 0.9997 9.998E-05 9.998E-05
9.998E-05 0.9997 9.998E-05 9.998E-05
0.00830645 0.991494 9.9982E-05 9.9982E-05
9.998E-05 0.9997 9.998E-05 9.998E-05
9.998E-05 0.9997 9.998E-05 9.998E-05
0.511818 0.14052 0.188069 0.159593
0.617621 0.168337 9.9991E-05 0.213942
9.9991E-05 0.371973 0.62471 0.0032168
0.154289 0.39104 0.404529 0.0501423
9.9982E-05 9.9982E-05 0.746936 0.252864
9.9982E-05 0.420691 0.579109 9.9982E-05
0.28511 0.10489 0.597079 0.0129216
0.0304648 0.271892 0.553424 0.144219
0.262721 0.176215 0.410005 0.151059
9.9991E-05 0.00819044 0.904077 0.0876328
0.898331 0.0344088 9.9991E-05 0.06716
0.400067 0.201141 0.0628088 0.335983
0.424499 0.177068 0.0647749 0.333658
0.202736 0.280155 0.517009 9.9991E-05
0.982592 0.0172079 9.99819E-05 9.99819E-05
0.192908 0.172654 0.634338 9.9991E-05
9.9991E-05 0.179362 0.672937 0.147601
9.9991E-05 0.543834 0.38637 0.0696956
0.215452 0.155814 0.628634 9.9991E-05
0.218225 0.235937 0.17153 0.374308
9.9982E-05 0.205206 0.794594 9.9982E-05
0.763932 9.9982E-05 0.235868 9.9982E-05
0.223382 0.499793 0.142823 0.134002
0.29216 0.125067 0.546973 0.0358007
0.0972263 0.278544 0.37777 0.246459
0.173773 9.9991E-05 0.696971 0.129156
0.909093 9.9991E-05 0.0450299 0.0457767
0.457092 9.9991E-05 0.468398 0.0744105
0.0265684 0.09459 0.878742 9.9991E-05
0.819637 9.9982E-05 9.9982E-05 0.180163
0.0755203 0.145517 0.615442 0.163521
0.0525375 0.113694 0.726213 0.107555
0.115579 0.183477 0.394404 0.30654
0.866086 0.133714 9.99819E-05 9.99819E-05
9.99819E-05 0.0167457 0.983054 9.99819E-05
0.0412456 0.465121 0.439655 0.0539782
0.188334 9.9982E-05 0.811466 9.9982E-05
0.182995 0.185663 0.631243 9.9991E-05
0.25586 0.414139 0.3299 9.9991E-05
0.225605 0.131277 0.330449 0.312668
0.150493 0.402094 0.230899 0.216514
0.698139 0.283373 0.0183881 9.9991E-05
9.99819E-05 0.38789 0.61191 9.99819E-05
9.9991E-05 0.089271 0.686622 0.224007
0.35836 0.132625 0.508916 9.9991E-05
0.250446 0.128734 0.570781 0.0500389
0.620025 0.341088 0.0387861 9.9991E-05
9.9991E-05 0.260403 0.450552 0.288946
9.998E-05 9.998E-05 0.9997 9.998E-05
0.810985 0.0362662 9.9991E-05 0.152649
0.00295812 9.9991E-05 0.00712863 0.989813
9.998E-05 9.998E-05 9.998E-05 0.9997
9.9982E-05 0.00343428 9.9982E-05 0.996366
9.9982E-05 9.9982E-05 0.00290093 0.996899
0.00214678 9.9991E-05 0.00438738 0.993366
9.9982E-05 0.00384961 9.9982E-05 0.99595
9.9982E-05 9.9982E-05 0.00736852 0.992432
9.998E-05 9.998E-05 9.998E-05 0.9997
9.998E-05 9.998E-05 9.998E-05 0.9997
9.998E-05 9.998E-05 9.998E-05 0.9997
9.9982E-05 0.00388505 9.9982E-05 0.995915
9.998E-05 9.998E-05 9.998E-05 0.9997
0.00642471 0.000783612 9.9991E-05 0.992692
9.9982E-05 0.000908421 9.9982E-05 0.998892
0.00572837 0.000711792 9.9991E-05 0.99346
9.998E-05 9.998E-05 9.998E-05 0.9997
9.9982E-05 0.00383392 9.9982E-05 0.995966
0.00196114 9.9991E-05 0.0021473 0.995792
9.998E-05 9.998E-05 9.998E-05 0.9997
0.00213193 0.00113867 9.9991E-05 0.996629
9.9982E-05 9.9982E-05 0.006726 0.993074
0.00385829 0.00206286 9.9991E-05 0.993979
9.9982E-05 0.00582789 9.9982E-05 0.993972
0.0149456 9.9982E-05 9.9982E-05 0.984854
9.998E-05 9.998E-05 9.998E-05 0.9997
9.9991E-05 0.0063418 0.000173205 0.993385
9.9982E-05 9.9982E-05 0.00580461 0.993995
9.9982E-05 0.0097571 9.9982E-05 0.990043
9.9982E-05 9.9982E-05 0.00870866 0.991091
0.00108161 0.000364242 0.00955201 0.989002
0.0075631 9.9982E-05 9.9982E-05 0.992237
0.00433248 0.00082797 9.9991E-05 0.99474
0.00619908 0.00580343 0.000174403 0.987823
9.9982E-05 0.000821866 9.9982E-05 0.998978
9.9982E-05 0.00414325 9.9982E-05 0.995657
9.998E-05 9.998E-05 9.998E-05 0.9997
0.0151617 0.00417609 9.9991E-05 0.980562
0.00365035 9.9982E-05 9.9982E-05 0.99615
9.998E-05 9.998E-05 9.998E-05 0.9997
9.998E-05 9.998E-05 9.998E-05 0.9997
0.00230575 9.9991E-05 0.0010405 0.996554
0.00108456 9.9982E-05 9.9982E-05 0.998715
9.9982E-05 0.00741645 9.9982E-05 0.992384
9.998E-05 9.998E-05 9.998E-05 0.9997
9.9982E-05 9.9982E-05 0.00023758 0.999562
0.00428698 0.00566136 9.9991E-05 0.989952
9.9982E-05 9.9982E-05 0.000317685 0.999482
0.00648457 0.00563154 9.9991E-05 0.987784
9.9991E-05 0.00100431 0.00371015 0.995186
0.00363729 9.9982E-05 9.9982E-05 0.996163
