9.9973E-05 9.9973E-05 0.003969 9.9973E-05 0.995731
9.9982E-05 9.9982E-05 0.00128013 0.00421894 0.994301
0.00548571 0.00121907 9.9982E-05 9.9982E-05 0.993095
0.00209407 9.9973E-05 9.9973E-05 9.9973E-05 0.997606
0.00664422 0.000185487 9.9982E-05 9.9982E-05 0.99297
9.9982E-05 0.00271778 0.00560691 9.9982E-05 0.991475
9.9982E-05 0.0073554 9.9982E-05 0.00465948 0.987785
0.00590015 9.9982E-05 0.00368935 9.9982E-05 0.990211
9.999E-05 0.0047406 0.00560978 0.000395761 0.989154
9.9973E-05 9.9973E-05 0.010827 9.9973E-05 0.988873
0.0096856 9.9973E-05 9.9973E-05 9.9973E-05 0.990014
0.000643779 0.000137063 9.9982E-05 9.9982E-05 0.999019
9.9973E-05 0.00868009 9.9973E-05 9.9973E-05 0.99102
9.997E-05 9.997E-05 9.997E-05 9.997E-05 0.9996
9.9982E-05 0.00152963 9.9982E-05 0.00132757 0.996943
9.9982E-05 0.0113663 0.000711731 9.9982E-05 0.987722
9.9973E-05 9.9973E-05 0.0147156 9.9973E-05 0.984984
0.00705184 9.9982E-05 0.0017301 9.9982E-05 0.991018
0.00125987 9.9973E-05 9.9973E-05 9.9973E-05 0.99844
0.0021157 0.00382335 9.9982E-05 9.9982E-05 0.993861
9.9973E-05 9.9973E-05 9.9973E-05 0.00163419 0.998066
9.9973E-05 9.9973E-05 0.0144634 9.9973E-05 0.985237
0.00511372 0.000278963 9.9982E-05 9.9982E-05 0.994407
0.00891304 9.9973E-05 9.9973E-05 9.9973E-05 0.990787
9.9982E-05 9.9982E-05 0.00245578 0.00749387 0.98985
9.9973E-05 9.9973E-05 9.9973E-05 0.0064615 0.993239
9.9982E-05 0.00181495 0.0124266 9.9982E-05 0.985559
9.997E-05 9.997E-05 9.997E-05 9.997E-05 0.9996
9.9982E-05 0.00125103 9.9982E-05 0.0106563 0.987893
0.00193025 0.00786538 0.00135233 0.00148339 0.987369
9.9973E-05 9.9973E-05 0.0064444 9.9973E-05 0.993256
9.997E-05 9.997E-05 9.997E-05 9.997E-05 0.9996
9.9973E-05 9.9973E-05 0.0017533 9.9973E-05 0.997947
9.9973E-05 9.9973E-05 9.9973E-05 0.0016005 0.9981
9.9982E-05 0.00157239 9.9982E-05 0.00054285 0.997685
9.9973E-05 0.00178289 9.9973E-05 9.9973E-05 0.997917
0.0057356 9.9973E-05 9.9973E-05 9.9973E-05 0.993964
9.9982E-05 0.000943713 9.9982E-05 0.00628231 0.992574
9.9973E-05 9.9973E-05 0.0101325 9.9973E-05 0.989568
9.9973E-05 0.0113441 9.9973E-05 9.9973E-05 0.988356
9.9982E-05 9.9982E-05 0.00220949 0.00775043 0.98984
9.9982E-05 0.00403589 9.9982E-05 0.00286545 0.992899
9.9982E-05 9.9982E-05 0.00756201 0.000911044 0.991327
9.997E-05 9.997E-05 9.997E-05 9.997E-05 0.9996
9.9973E-05 9.9973E-05 9.9973E-05 0.00410928 0.995591
9.9973E-05 9.9973E-05 0.00647437 9.9973E-05 0.993226
9.997E-05 9.997E-05 9.997E-05 9.997E-05 0.9996
0.00379526 9.9982E-05 9.9982E-05 0.00388268 0.992122
0.00629346 9.9973E-05 9.9973E-05 9.9973E-05 0.993407
0.000162557 9.9982E-05 0.00368148 9.9982E-05 0.995956
0.549559 0.125007 9.9991E-05 0.244194 0.0811404
0.696038 0.192112 9.9982E-05 9.9982E-05 0.11165
9.9973E-05 9.9973E-05 0.863182 9.9973E-05 0.136518
9.9991E-05 0.0529463 0.502977 0.170987 0.27299
9.99819E-05 0.256235 0.495296 0.248269 9.99819E-05
9.9982E-05 9.9982E-05 0.173846 0.463355 0.362599
0.0867514 9.9982E-05 9.9982E-05 0.833025 0.0800235
9.9982E-05 0.121858 0.838337 9.9982E-05 0.0396052
0.151871 0.109687 9.9991E-05 0.595409 0.142933
9.99819E-05 0.058626 0.250595 0.690579 9.99819E-05
0.895081 0.0535171 0.051202 9.9982E-05 9.9982E-05
0.335979 0.313346 9.9991E-05 0.176067 0.174508
0.48472 0.310503 0.0942226 9.9991E-05 0.110454
9.99729E-05 9.99729E-05 9.99729E-05 0.768806 0.230894
0.986389 9.99729E-05 9.99729E-05 0.0133112 9.99729E-05
0.10445 9.9991E-05 0.585919 0.280699 0.0288319
9.9991E-05 0.128307 0.45028 0.379926 0.0413868
9.9991E-05 0.0738122 0.359706 0.113227 0.453155
0.0458009 9.9982E-05 0.860023 0.0939763 9.9982E-05
0.12808 0.3501 9.9991E-05 0.31297 0.20875
9.9982E-05 9.9982E-05 0.796336 0.198935 0.00452991
0.56694 9.99729E-05 9.99729E-05 0.43276 9.99729E-05
0.12511 0.113273 0.373471 9.9991E-05 0.388046
0.135942 0.0336887 0.302985 0.489659 0.0377254
9.9982E-05 0.232219 9.9982E-05 0.504711 0.26287
0.123433 0.118432 0.165146 0.59289 9.9991E-05
0.630348 0.0215774 9.99819E-05 0.347875 9.99819E-05
0.187055 0.0232371 9.99819E-05 0.789508 9.99819E-05
9.99729E-05 9.99729E-05 0.394822 0.604878 9.99729E-05
0.807256 0.192444 9.9973E-05 9.9973E-05 9.9973E-05
9.9982E-05 0.0740899 9.9982E-05 0.84989 0.0758199
9.9991E-05 0.0784041 0.297996 0.611991 0.0115095
0.0982833 0.294958 0.348813 0.175364 0.0825821
0.924118 9.99729E-05 9.99729E-05 9.99729E-05 0.0755816
9.99728E-05 9.99728E-05 0.376135 0.623565 9.99728E-05
9.9991E-05 0.0395115 0.218651 0.350522 0.391215
0.0285708 9.99729E-05 9.99729E-05 0.971129 9.99729E-05
0.0218145 9.99729E-05 0.977886 9.99729E-05 9.99729E-05
0.224323 9.9991E-05 0.471197 0.0212823 0.283098
0.11534 0.270462 0.613998 9.99819E-05 9.99819E-05
0.00836852 0.206623 9.9991E-05 0.386597 0.398312
0.683346 9.9982E-05 0.108877 9.9982E-05 0.207578
9.99819E-05 9.99819E-05 0.818889 0.00675268 0.174159
9.99819E-05 0.212141 0.720467 0.0671925 9.99819E-05
0.269038 9.99819E-05 0.727116 0.00364594 9.99819E-05
0.244403 0.0322758 0.110412 0.546873 0.0660366
0.52592 9.9982E-05 9.9982E-05 0.155027 0.318853
9.9991E-05 0.283937 0.195101 0.316203 0.20466
9.99728E-05 9.99728E-05 0.164028 0.835672 9.99728E-05
0.838459 0.156943 9.99819E-05 9.99819E-05 0.0043982
9.9973E-05 0.983159 9.9973E-05 0.0165414 9.9973E-05
9.997E-05 0.9996 9.997E-05 9.997E-05 9.997E-05
9.9982E-05 0.991999 9.9982E-05 0.00666968 0.00113164
9.9973E-05 0.989995 9.9973E-05 0.0097046 9.9973E-05
9.9973E-05 0.990731 9.9973E-05 0.00896897 9.9973E-05
9.9973E-05 0.99613 9.9973E-05 9.9973E-05 0.00356995
9.9973E-05 0.990568 9.9973E-05 0.00913166 9.9973E-05
9.9982E-05 0.992617 0.0050598 0.00212337 9.9982E-05
0.000317098 0.999383 9.9973E-05 9.9973E-05 9.9973E-05
9.997E-05 0.9996 9.997E-05 9.997E-05 9.997E-05
9.9973E-05 0.993674 9.9973E-05 9.9973E-05 0.00602572
9.997E-05 0.9996 9.997E-05 9.997E-05 9.997E-05
0.00275533 0.992156 9.9982E-05 9.9982E-05 0.00488885
9.9982E-05 0.995766 0.00170239 9.9982E-05 0.00233158
0.00663376 0.988825 9.9982E-05 9.9982E-05 0.00434093
0.00168454 0.997393 0.000722589 9.9982E-05 9.9982E-05
9.9973E-05 0.993696 9.9973E-05 9.9973E-05 0.00600444
0.00490585 0.99321 0.00168396 9.9982E-05 9.9982E-05
9.9973E-05 0.994574 9.9973E-05 0.00512602 9.9973E-05
0.00438291 0.990758 9.9982E-05 9.9982E-05 0.00465938
9.9982E-05 0.995745 0.00315049 0.000904746 9.9982E-05
0.00635841 0.990232 9.9982E-05 9.9982E-05 0.00320914
9.9982E-05 0.990237 0.00443478 9.9982E-05 0.00512841
0.0116799 0.98802 9.9973E-05 9.9973E-05 9.9973E-05
9.9973E-05 0.997599 0.00210087 9.9973E-05 9.9973E-05
9.9982E-05 0.985736 0.0093081 9.9982E-05 0.00475554
9.9973E-05 0.9877 9.9973E-05 0.0120003 9.9973E-05
9.9982E-05 0.983826 0.00690101 9.9982E-05 0.00907261
9.99808E-05 0.989736 9.99808E-05 0.00996444 9.99808E-05
9.9982E-05 0.983849 9.9982E-05 0.0156973 0.000253845
0.00931779 0.990382 9.9973E-05 9.9973E-05 9.9973E-05
0.00701779 0.990719 9.9982E-05 9.9982E-05 0.00206342
9.9991E-05 0.985055 0.000200694 0.00705084 0.00759323
9.9973E-05 0.994555 0.00514545 9.9973E-05 9.9973E-05
9.9973E-05 0.9953 9.9973E-05 9.9973E-05 0.00440013
9.9973E-05 0.998245 9.9973E-05 9.9973E-05 0.00145519
0.0103462 0.976001 0.0107515 9.9991E-05 0.002801
9.9973E-05 0.995727 9.9973E-05 0.00397265 9.9973E-05
9.997E-05 0.9996 9.997E-05 9.997E-05 9.997E-05
9.997E-05 0.9996 9.997E-05 9.997E-05 9.997E-05
0.00214183 0.997558 9.9973E-05 9.9973E-05 9.9973E-05
0.00359886 0.994299 0.00190247 9.9982E-05 9.9982E-05
9.9982E-05 0.987071 0.0053706 9.9982E-05 0.00735889
9.997E-05 0.9996 9.997E-05 9.997E-05 9.997E-05
9.9973E-05 0.996283 9.9973E-05 0.0034171 9.9973E-05
0.00290655 0.99406 0.000111007 9.9991E-05 0.0028221
9.9973E-05 0.998203 9.9973E-05 0.00149671 9.9973E-05
0.0103619 0.981887 9.9982E-05 9.9982E-05 0.00755092
9.9973E-05 0.989333 9.9973E-05 0.0103674 9.9973E-05
9.9973E-05 0.988249 9.9973E-05 0.0114511 9.9973E-05
