9.997E-05 9.997E-05 0.9996 9.997E-05 9.997E-05
0.000574753 9.9973E-05 0.999125 9.9973E-05 9.9973E-05
9.9973E-05 0.00601785 0.993682 9.9973E-05 9.9973E-05
9.9973E-05 0.00740195 0.992298 9.9973E-05 9.9973E-05
9.9982E-05 0.000886798 0.998594 9.9982E-05 0.000319006
9.9982E-05 0.00246538 0.9951 9.9982E-05 0.00223485
0.00619188 9.9982E-05 0.991235 9.9982E-05 0.00237339
9.9973E-05 0.00510273 0.994597 9.9973E-05 9.9973E-05
0.00503956 9.9982E-05 0.994562 9.9982E-05 0.000198069
9.9973E-05 9.9973E-05 0.992704 0.00699572 9.9973E-05
9.9973E-05 0.00323213 0.996468 9.9973E-05 9.9973E-05
9.9973E-05 9.9973E-05 0.996845 9.9973E-05 0.00285465
9.9973E-05 9.9973E-05 0.990744 9.9973E-05 0.00895617
9.997E-05 9.997E-05 0.9996 9.997E-05 9.997E-05
9.99744E-05 9.99744E-05 0.994879 9.99744E-05 0.0048209
9.9982E-05 9.9982E-05 0.987974 0.00106617 0.0107596
9.9973E-05 9.9973E-05 0.983289 0.0164109 9.9973E-05
9.9973E-05 0.00258585 0.997114 9.9973E-05 9.9973E-05
9.9973E-05 0.0043468 0.995353 9.9973E-05 9.9973E-05
9.9973E-05 0.000195193 0.999505 9.9973E-05 9.9973E-05
9.997E-05 9.997E-05 0.9996 9.997E-05 9.997E-05
9.9982E-05 9.9982E-05 0.984922 0.013433 0.00144524
0.00058079 0.00398105 0.994656 9.9991E-05 0.000682073
9.9973E-05 0.00932341 0.990377 9.9973E-05 9.9973E-05
0.00762663 9.9973E-05 0.992073 9.9973E-05 9.9973E-05
0.00665643 9.9973E-05 0.993044 9.9973E-05 9.9973E-05
9.9982E-05 9.9982E-05 0.980827 0.010993 0.00798026
9.997E-05 9.997E-05 0.9996 9.997E-05 9.997E-05
0.00658269 9.9982E-05 0.992318 9.9982E-05 0.000899634
0.00355589 0.00312025 0.985498 0.00260944 0.00521625
9.9973E-05 0.00248753 0.997213 9.9973E-05 9.9973E-05
9.997E-05 9.997E-05 0.9996 9.997E-05 9.997E-05
9.9982E-05 0.00247696 0.997198 0.000124837 9.9982E-05
0.00460468 9.9973E-05 0.995095 9.9973E-05 9.9973E-05
9.9982E-05 0.00166714 0.997573 9.9982E-05 0.000559529
9.9982E-05 9.9982E-05 0.996254 0.000649148 0.00289666
9.9973E-05 9.9973E-05 0.996762 0.00293823 9.9973E-05
0.00473044 9.9982E-05 0.991928 9.9982E-05 0.00314118
9.9982E-05 0.00234671 0.993905 0.00354865 9.9982E-05
9.9982E-05 9.9982E-05 0.995166 0.000632443 0.00400149
0.00496509 9.9982E-05 0.991324 0.00351075 9.9982E-05
9.9973E-05 9.9973E-05 0.994053 0.00564684 9.9973E-05
0.00767305 9.9991E-05 0.986792 0.00177374 0.00366167
9.997E-05 9.997E-05 0.9996 9.997E-05 9.997E-05
9.9973E-05 0.00264624 0.997054 9.9973E-05 9.9973E-05
9.9973E-05 9.9973E-05 0.990605 0.00909504 9.9973E-05
9.997E-05 9.997E-05 0.9996 9.997E-05 9.997E-05
0.000486197 0.00157258 0.997741 9.9982E-05 9.9982E-05
9.9973E-05 0.00396867 0.995731 9.9973E-05 9.9973E-05
9.9973E-05 9.9973E-05 0.997454 0.00224578 9.9973E-05
0.235954 0.545514 0.0910237 9.9991E-05 0.127408
9.9982E-05 0.697008 0.11291 9.9982E-05 0.189882
9.9973E-05 9.9973E-05 0.145017 0.854683 9.9973E-05
0.17363 9.9991E-05 0.271454 0.503644 0.0511727
0.274813 9.99819E-05 9.99819E-05 0.467564 0.257423
0.478038 9.9982E-05 0.374265 0.147497 9.9982E-05
0.836818 0.0791234 0.0838583 9.9982E-05 9.9982E-05
9.9982E-05 9.9982E-05 0.0425135 0.834496 0.122791
0.59162 0.160349 0.138616 9.9991E-05 0.109315
0.699147 9.99819E-05 9.99819E-05 0.23678 0.0638737
9.9982E-05 0.888092 9.9982E-05 0.0490217 0.0626863
0.156679 0.348513 0.176222 9.9991E-05 0.318485
9.9991E-05 0.492913 0.115642 0.0767308 0.314614
0.7657 9.99729E-05 0.234 9.99729E-05 9.99729E-05
0.0142846 0.985415 9.99729E-05 9.99729E-05 9.99729E-05
0.269174 0.124224 0.0258026 0.580699 9.9991E-05
0.380233 9.9991E-05 0.0419696 0.447177 0.13052
0.140045 9.9991E-05 0.457659 0.332324 0.0698712
0.10088 0.0521766 9.9982E-05 0.846744 9.9982E-05
0.325358 0.11617 0.210947 9.9991E-05 0.347425
0.221019 9.9982E-05 0.0151771 0.763604 9.9982E-05
0.43961 0.56009 9.99729E-05 9.99729E-05 9.99729E-05
9.9991E-05 0.12487 0.386925 0.368385 0.119721
0.482131 0.15292 0.0444506 0.29312 0.0273779
0.51499 0.000130399 0.259079 9.9991E-05 0.2257
0.594015 0.119488 9.9991E-05 0.168525 0.117872
0.345466 0.6316 9.99819E-05 9.99819E-05 0.0227338
0.777476 0.191413 9.99819E-05 9.99819E-05 0.0309119
0.613054 9.99729E-05 9.99729E-05 0.386646 9.99729E-05
9.9973E-05 0.812848 9.9973E-05 9.9973E-05 0.186852
0.838142 9.9982E-05 0.0783575 9.9982E-05 0.0833004
0.617535 9.9991E-05 0.0192922 0.281961 0.0811116
0.200561 0.0959884 0.0898497 0.308528 0.305073
9.99729E-05 0.930334 0.0693661 9.99729E-05 9.99729E-05
0.649243 9.99728E-05 9.99728E-05 0.350457 9.99728E-05
0.364211 9.9991E-05 0.392822 0.208588 0.0342785
0.97188 0.0278205 9.99729E-05 9.99729E-05 9.99729E-05
9.99729E-05 0.0295257 9.99729E-05 0.970174 9.99729E-05
0.0530096 0.227812 0.275148 0.44393 9.9991E-05
9.99819E-05 0.0864483 9.99819E-05 0.635004 0.278348
0.369423 0.0181001 0.403955 9.9991E-05 0.208423
9.9982E-05 0.704019 0.214579 0.0812026 9.9982E-05
0.0237704 9.99819E-05 0.178533 0.797497 9.99819E-05
0.083161 9.99819E-05 9.99819E-05 0.709761 0.206878
0.0189386 0.275137 9.99819E-05 0.705724 9.99819E-05
0.539727 0.257816 0.066988 0.101985 0.033484
0.139894 0.539618 0.312831 0.00755685 9.9991E-05
0.317744 9.9991E-05 0.190012 0.19986 0.292285
0.844856 9.99728E-05 9.99728E-05 0.154844 9.99728E-05
9.99819E-05 0.840718 0.00176391 9.99819E-05 0.157318
0.013503 9.9973E-05 9.9973E-05 9.9973E-05 0.986197
9.9973E-05 9.9973E-05 9.9973E-05 0.0018452 0.997855
9.9973E-05 9.9973E-05 0.00622672 9.9973E-05 0.993473
0.0141204 9.9973E-05 9.9973E-05 9.9973E-05 0.98558
0.0114953 0.00181962 9.9982E-05 9.9982E-05 0.986485
9.9973E-05 9.9973E-05 0.00317726 9.9973E-05 0.996523
0.00995989 9.9973E-05 9.9973E-05 9.9973E-05 0.98974
9.99773E-05 9.99773E-05 9.99773E-05 0.0082366 0.991463
9.9973E-05 0.000431113 9.9973E-05 9.9973E-05 0.999269
0.000902478 9.9973E-05 9.9973E-05 9.9973E-05 0.998798
9.997E-05 9.997E-05 9.997E-05 9.997E-05 0.9996
0.000704368 9.9973E-05 9.9973E-05 9.9973E-05 0.998996
9.9982E-05 0.00306537 0.000800234 9.9982E-05 0.995934
9.9973E-05 9.9973E-05 0.00696629 9.9973E-05 0.992734
9.9982E-05 0.0040709 0.0055566 9.9982E-05 0.990173
9.9982E-05 0.00573251 9.9982E-05 0.000297019 0.993771
9.9973E-05 9.9973E-05 0.0119564 9.9973E-05 0.987744
9.9973E-05 0.00107128 9.9973E-05 9.9973E-05 0.998629
0.00501463 0.000335234 9.9982E-05 9.9982E-05 0.99445
9.9982E-05 9.9982E-05 0.00709234 0.00403225 0.988675
0.00025402 9.9982E-05 9.9982E-05 0.00593784 0.993608
0.00121205 9.9982E-05 0.00581278 9.9982E-05 0.992775
9.9991E-05 0.00261926 0.00578148 0.00492202 0.986577
0.00683459 0.00689101 9.9982E-05 9.9982E-05 0.986074
9.9982E-05 9.9982E-05 0.00301672 0.000317815 0.996466
9.9982E-05 9.9982E-05 0.00592503 0.00862883 0.985246
0.012272 9.9973E-05 9.9973E-05 9.9973E-05 0.987428
9.9982E-05 9.9982E-05 0.00377156 0.00911922 0.986909
0.0098387 9.9973E-05 9.9973E-05 9.9973E-05 0.989861
0.0166839 9.9973E-05 9.9973E-05 9.9973E-05 0.983016
9.9973E-05 0.00519351 9.9973E-05 9.9973E-05 0.994507
9.9982E-05 0.00493278 0.00820029 9.9982E-05 0.986667
9.9982E-05 0.00346834 0.00384155 9.9982E-05 0.99249
9.9973E-05 9.9973E-05 9.9973E-05 0.00161158 0.998089
9.9973E-05 9.9973E-05 0.00663662 9.9973E-05 0.993063
9.997E-05 9.997E-05 9.997E-05 9.997E-05 0.9996
9.9982E-05 0.0159333 0.00216803 9.9982E-05 0.981699
0.00639116 9.9973E-05 9.9973E-05 9.9973E-05 0.993309
0.000581543 9.9982E-05 9.9982E-05 0.00369425 0.995524
9.9973E-05 9.9973E-05 0.00205477 9.9973E-05 0.997645
0.00377328 9.9973E-05 9.9973E-05 9.9973E-05 0.995927
9.9982E-05 0.0011648 9.9982E-05 0.000129803 0.998505
9.9982E-05 9.9982E-05 0.00792997 0.00632442 0.985546
9.997E-05 9.997E-05 9.997E-05 9.997E-05 0.9996
0.00225779 9.9973E-05 9.9973E-05 9.9973E-05 0.997442
9.9973E-05 9.9973E-05 0.000663069 9.9973E-05 0.999037
0.00234852 9.9973E-05 9.9973E-05 9.9973E-05 0.997352
9.9982E-05 0.00129579 0.00890101 9.9982E-05 0.989603
0.00627685 9.9973E-05 9.9973E-05 9.9973E-05 0.993423
0.00522868 9.9973E-05 9.9973E-05 9.9973E-05 0.994471
